$ANSIBLE_VAULT;1.1;AES256
30643766636466653738363835643032356433633835376334373030626363343737383663656664
6239323430363937373936616263346632373733343538360a643631653966363036646239333337
65643863613664616166633638343632303963643361646261653061356134666431633962663363
3865653736346261630a363763626432356462323265306636306166666536346539313461393565
63363661393439666530626164386265656130663363656461386463613335326335636430626636
34643938363264306262393837333638313864666266336362643534323866336430316636633233
63363566613061393439396637323932316138666333653334386136333165633537333733386533
63393665333562613634616265316539656634636139663535313666356362373863623233306332
64656265323331663633626634373232663239373433353162323338316566386231363332363831
32323934343335313433656639363361316135613436666236653936346631316534323536316533
30633233353737353063393633643763616438616633646563646561623562353464353632366264
63323835343939663132653563613639336364313332343762623864393064306630346662396439
63356335333930653334646536303634326262306562346163323965346166343564613434623162
32356665653633613333643264346361373738333438363733343930643736313335343038633335
32373563656561616164306138383765646130346337393539656566643131366663386235346635
66663566356331323566373534386533333435376435316231653936393935363132666437386336
32646264346231366635333933306462373865313466643361393730373362323364646334633563
38643137306435646462636165393437333432396666303263373064376662373032323965636531
39666638653736663730396131623437643565373438623036636135316166363964396437373562
65356262373362626632646635623334653331303233323766346130386561303065626462333538
33313930353430653963336361306661623132626332636438303837313266306236356566326565
36386534626331386161663632653336366134366433653133613631366133363665633138303462
33313863366662373362643538356532383532663432356562316135626537363165646236383434
34316237393936346631303733323163613862376635393766663132383561616665313932663661
35393038383933613231383564363238663239623564383334366635343736633864616630336163
65336338356666333061373136393230613132336464653235343630363163363461346232653931
36326366663466656136353233303465616236656131626366333161623635366166633766306332
65396439386130373031666537636336373265353537323564323463613836316339393637316363
32656165383633666231326238383430393135663661356534313337316465626432363164633332
36626363636234623936333261343032643031626231623135633534646137613331373337383233
31353635393463623837663433343164393231653933333837346632383233386361323730383064
65306632346338663465336630346334383032646166303437623864313235323564613834616333
38383933306437303639656366613839343736666535343363616461393932643935376439623537
36363534393037373738386131356462343433323865316132663938376537393330376663323436
32623435383731376436343364306266363961396234363662336661366635376535343664623263
34336130623862623730663331626333393430343731353638306632313935326137663536336533
38643030643665383933303464343134346363666633333334393730653039643032306561383235
33636236643733323533646666633934666230366332623865393731363033366538643465353332
37623736303631363136353238346432323038356261393361353163316661663363363364306361
31383034616266316264376263363565643931323334636333343461646138623964363535653762
32366434363138656164343239326666316233646664313232316139336166333737336263323234
38326532616238393463393562613265643061396637306565663233323436383033626163336665
31633063666362653861326635643363373161303734643536313835613533303432656338316464
39323030623136663637376364383766653266633730633837623135326334613565303735346263
30326130623136613433396434373936373062333834646432356162396265666363383635386365
62336566353739346535316238643161663863383063353865363363313462626263613665616461
61356139343761343265393930623161313866316263613261323735333364386566373130396532
35303539386266633034373137626565313235643138653466666262356630666662323936306336
62303437666133636161316135336264323834653735326164646638363937326130653736343166
66646264323865646661643835373631653766653134306336353038616165386634656139656265
66343134386565383065643962316530653838336664633366333736333133363764643962346631
33323836613137363130656361633732633834353335623866643462636334346235373836646134
66386231663931383139313237303330333562303132616433383464303937393830633832376330
38623963613338323663363133396439303366363430656137383931613639613862333830316565
38396436373236616465323131343134323063323430353532613439343339353230363063383232
66653861646630393731396461366234306438333862633434303261386336666638356136393663
66396263653533653734343566313666396535613661366135636332356332613937313634396437
30666630623438316635376331616464313964616634663365666361363838663536326637613637
39626666613430386639383833303561333161333136313565663063616332393163643530636566
36333337623436363533633564653461663438323362393333343835303161373363383338313631
66386363393935653738636235373466633932333635393263656332363932356332393733393733
66633835653862336536653033363865396162363165393434616537393235323332636334656436
65653032663438393334346661323962383632366562373332353034323266326130396230343733
37626464336437623031363161323063623533666432323638353633383137383866396133646531
35356265393363303432386666396238363231373835346332343930386164343664393665313238
37333061323764363435376463353835656632616531643434663764323666333336396534373036
37643233363238303837663938623762316565373533613533393839623136313336666162643935
66653430616435323932373462623438336439346330653838336534373635396535376362313061
35323230663364653537396438353363346133323237393061656235343062313533303233316530
32386137306533663162643866363462663836343363363732613364643764633064366537393634
36316164393533313762653866626536666466656331666134383731396135633338616431666231
61343838383735643936313430356432666463336136333733333737613832643461653432636162
34653465386461306361643862306365633165613332356638663264316231623831656336616563
36646565383532356633383738333330363335313962393934336431633366346233313066343866
65386465386336343737363932626232643562643363363264626135333238623833393832613365
61313466623435633537656636346536363561376363323733356539353032303336356534313466
64383265343664313532656166633166633837383137303839323539616635393861316137383663
35353135363436343830306565396165353634656534613366316137633365623965366438366439
35363132616363326333653765396337333161663836626661363736373734393765646362663335
34313436383566363936336537323135396661663831366438393737353739613634333730323566
31316164336132633230623564636366383861623264383132316362386265663234346236643732
32313361353039343939663162656266383563376533396230346165376439623635373966306231
35353266383337653535393932666339643462353136343535393738643135666364363138353639
65636635613033653835613861303631346534353531303132633933316662346338353565353533
61366131656234666339326633616439383061326362623165616463653130643339383061366564
35323637653534326239396233633030323432623463623532336436393333653461323236386463
38646362376632636237313236653864323762623761626339666462636335346363623865333562
30623633326530323434323636303031616262336431396137653237623733376561393435633934
31633862383334616262353937653531323337303062656430656637393031656430336335383836
35333238643637363231316434663433666665303130343537636239356434383539373137663139
65626466646565393462623566356566633965653064643462613931373836343966623164373065
62633665646633376632313332376236383835613031626565373566316636346231353232386361
62326361666231376661373262303463306166313635363738646463393734356361653063313733
37356266323830336631363235343630636430346563666238353964336164396238373935643834
65393237653732653365323338356363343732346535613863363666343337313363633238633861
35633766333139393630393839666239393936656130333461353265386365636130303536316463
65366564623033343265313837313163386266663364363661316538333034373166376261393764
62653038366139613865333865356264383064396438663834383236626565646537333536393962
30323463316130373464303438393735613639343566303539343238363865316333643539643837
63626233346138396239333063623961386238666238393134306563613464376466376132636564
30363332363730343763646532343833353730323263663739616464343531656161346533626234
66633139333339643032613466636233316232386364666266303531393632333833363662663862
36653837333534393034333534613963303766336365346365623463343335623962336132333336
30356439636137353230373864653733303133366262653338333139366437633536653133643739
65353761636662663434306162373539353262623033643031376131313537613235393736616234
39323939343561623830636338643262623164613636653034373133613963646161666236636162
61353230326532323137366561336562633435643432383665613163326435616532653030653737
35393137313666623837613135643462323662306237313064356133393866336439353234373363
65383138626365386365396631343062343264316138653261623933626239653464613666376165
64663763356636633864613036653930373866663136623738623138393632356135623531323139
35386566396637306232313965613436353236656565653336313266616132633462386166623937
30623265333330313332326265336566333030646664353739646666376163323166373932323565
61643531653336316431323462373962666234623330653035626264363563306263626463373866
36343830303937386465373866613762326639656632643666366332336466623432363133363034
64613662333230636463363739643838663332383934326437616239343437343234333737656366
34333561336632313761323839663063626661643937616666626536303734383865326665383834
31656136616538343135666565323534306362356434366565316633366636363364393437393762
61393234373034386538653437383536643233373339316336353233626263396134623337633530
31343633663837643734643930373762653533326432323731633032363066623830313038363130
33613330643730323862663065313032616162646239613039623166613338623333613033356434
31613831333566373032633038356161656561643638643862393565346563306331326639383766
37363236666331626433643534646562366366356564333333626134656535383737643734323238
30363538343133393635366162323834623534643538393061363533383863306131666530646566
39376534326330396133386363626162363938303439623665313764633238623963313538363839
32666331346437613534313566303135343166613737646630613336663762636266623530623766
32653635626234623461366335633465386132663961333061323130666234323863643466663135
32326364366236356331636564353761366630663163636432396261383037366262626461633935
34373930366665633566613630616230623635323935666232633261363637336237666133396238
32363464303361396534343633336430666130376265646533353139396336363362343663343565
61383230633862613737356163383761363834613636336163376231373633373835313262363638
31396662393161626134326238366138356430336139346361303535616664643535633365323537
32383232626230613630346364333461663564333462636465346666663337396361616233353533
65353439306135653166313537376336663164666633393261623738393165313539326635643231
37356131383539646465653731373338326663613636303366663234336466333037393162623830
62356634383239373232616435643238653238326662663862353431623338353131356631663364
64626364343332306261613262653763613038623933326430333964366634616430636633373339
33306532633632616337663361663161643961666561613539616530356665623865316563656537
39643635616465396664383165326139353262373835353366653735333538633864353930363931
38376361353330386137353661653537326538636330393363356133386138383537663637656331
63353138396665623434313263393062323833326337306539663136333335343139656363663961
35313434343633306233633438346538393163336466666562653264646239666236666464323163
63653163623637353937636338396536303539386235393731363964626132386138633930636133
61393331643531386332376564616233326136663833653737663061653866343135306332623136
34313734616462653236336661666661636335346437366539306161643161633930363438353765
33636166393134323039383930626533323966663933306132343464393461383035613536653337
65313866313639346536393433386263653733323731376436333133336666643663656231663837
65333635643833623834323333636466666134323865316137393934366364346662663164373136
66646233336430613032653066313435613639323861616631313438396534656338643738336432
36373835323865623635653036393436383931616139663730613762646265353638363934663731
37376265303866613938666136636639386638346636333266626534616539396434396537343330
30353764363137303638653633333634353363316461336332313639393461393039626266343039
66316539393130373463393963653536623561353734373934366131616532613865366235633665
35343839396539623834663637623236363163646561626132376538636333383937656430656637
63313031306530666239653732636563636465376265333935323639373530353065643733636138
37613839653834393037656565663365646632616235633763313638333136313937653238313464
39366234646534393835626537383338356238366433303839306333363166306533623765346630
62643238336333633364653763643537353230663731646566643266353065623037623764336561
62653135633461623861373335363638643264333035626236316332613166656139643034316462
32373033373162323430366366653335366464616635323732343066396236666662643666393631
37343532333265623835636666393765343466383332313434356335346534653465313463616235
35333931323163383762383336623439303738643830363234653663633031373765373763343133
32623166346339636162303838643138343836643337333530313231646432613565303439646261
31383230616364663561663033333535646131343433323733666366613332313937613463396430
33643337316636653566653936356231313830386166386164643138653038636336313466383330
35373731323965346634663336653564643931393434303436363932346630666266633539643930
37313164373964653532373539393162616234373163316433316461613265666532306136336339
33656239393839666531616437373362306631303933373037313130323830383434643032363930
61366334633762643865636138323366383264316163356235306566323639353033313634306137
33663332353232313938396431306461653062333031323364343366356536616466343939613264
36386162303466656664313432353533383361643931613135616163646332373435396461316130
61653935393165303631616162353366663064323163623937366530353432346666666132616463
33306537623363323633333233643761363631353031306165376333353763366232643839363838
34383139663666373862623136326165356539326631313263333965636634643462353336396266
30626337363763376166643335643232343237336164386335363438623733633266336132373030
36343639356562663534326363326537633339636632313466636434666563623730333831363030
32316566333237626636356539306365386437646238353366373432303139366234623031363234
33393037636331663964636634616165393532323834396361653437316566376531353432626561
64336331643334333565373036343230653463333763363535336233323265333935326664626130
36626637376230653734366232643932623338343563656331636535616337323934373361626263
32363632383333626634303035386665633036623337653063646562396437666430323165353164
62623063646433363738613130663264386639383338653966383534336130326363306332383033
66303231313231613637636533336138366531343935353737373435323837343632356436326364
34616339376431613930643963353863656537653431623963646335333636633737343463316132
33356466363662333438643434393438326335643662316138653664643962383933666333363065
33363636306332366335373562626366383931306264633464396130376336323165376666353136
31363538633462313965646262333834376263333864656639626461393935643663633731366234
66623131356333326139383039666339626466306330336463303732376365633062333561363335
30653363366137356337623334313866663366313463633165636434633930666663656537646230
33303838623565633930363339306565613236643034303336396538343639313630373731363235
38393130646337646131363432633962336330326437643239633434313762666434343263363536
32373262656432383561353735336636366239643762353238316430356363386362323162666466
37376364366639373338356636643235303264643061653338613936346232633563373738336439
38626265633833326530323533636463376463303865656336356164323534633166396132356538
37626364616361373333663031353636373638306661303131663865623365613233323164343034
62316163646363333465363736343432633536343732316335333663643064633161646535353736
61363938363865653932336630653139383365616535396663376631343031353639383764633636
34323936313063636461393431386432333533346133646135613432613831623265613236636433
64633061633538323136656362346561366166356463343437663535333538316535326263303263
34623735353036396432646531376462353637643332346539396537363436393933346261316565
65336231396136646338653639653632393666646331356666666232623062613439663662303639
63633462373462353830313966366133636464336565366431623162353436353834383135656164
65396638336565303063613230663766353961376331313034666434643031303466616266653835
34643362306534356261306165386566346131386363656333343665346665393361343033343635
38633261666461613165326534366334646236313439656335656534346638353266363965303062
65626166646262613138323138643137363164383932356639356235316262363264623465326332
34316664646632333230316162336339353966663438386230633261653135373731646133646236
61346233366565393534666333663166373032393734323134653534663534313238613962393033
64393266633133353431353265353131656166356264623363363433376331383432613836626464
63303931303338633537383363356665636565643837376531356630336235336233623334343866
31653865396365623236333737303966363831666532643038326435343739306435363739313666
36656464353931643139613261623766356532346134376233636234346330336235303531633935
31356663393637303638633231623031383866613534313935643632666136323164303439656432
38396331343163383235653764326165323062633632656262326463613364323863643135363436
63343162386561663761666263356338383435326536643333373538363431613939323830386334
31386137366238316563616532363662383736626134313833393436636439313532636661376133
33303939616532353066646566616131653437383263393465623563356134333235613732336333
32383230616239623138643537643232333064383962633265636534343734386663656562356334
34353239366662396234396639373537316163333036373032616237326632653836356264306332
31366631346232373463386434666637663432316633356131313435326463653431613231356134
35613766636633326539383036316132353762633439643165646235363334613633386164366231
32386432396262663964396231633330633130613637316337353063363766343732306162663838
33326234643931623061316339346437396564316633316634396135363331313438643138336637
33663464373534643264643539373365643832386366376539346234376262313239663936663766
34323233386264336665623861356239356235393738366362326131343938346661356236396137
61333962393062636432383362346230623863366362383139613131326337336566623537393964
35313164346134353363323130643032346566636630656536663766313332326535383130323665
38663236333065356261663031646535366236353737636162636330653739343365616661303532
31353535333136363532623935633666383565323834366161383134623364623038646134633639
64396532316666616435343335396639313533383563623632383536303535323361336537333133
38613139656165663134656235663532636664343332343233613061656630333532666565363264
63376165643430316231306634363235316636366232343131656235643539353261356338326237
64343834353137313536373162316433653636373138616639366434313962343563363839303466
63333930306639636330396534666163383466616563373430353230356366613430326466613234
63363863616434626631396561646131663033323361383563316563663731303966353336373362
35653231313430353537306364666137663131376339313961363430383864643832636164366431
35383435366535653562666663616664303030383837376638396436383361333262663331353961
62666433623561306339653337356563376263623936316335383165306161633135336164373434
33323832636465643233643139663230343134643564643136353964373737323638663665393966
36353762633138646336303137653631663463633839316463356462356566353961393136353637
33653937363234326361396164653533303233623439343239626561656463643334316366363064
33666138303837343666343566626361323665303832346363643938316561363533643163613939
62353665623938313266656264376434656537633365653964333633346334386439343136356336
37633330636665333435396162636466653731366633626363656530326132653763326536643064
32643832366566333938376363353666363266363132366631656337356135616138316437633931
32316536386230636133323034613832643938323038653539333835666231336462613538373230
38353739306363623738656131363039666631643561656663616437633366363634313937306264
61343233646630346536613936323239656663333737363466616631353866303330653334303362
35356462346239633562383662666665383135626563656330353262633266646639663261323432
37366366386432613030626430666635376262636164623035393439383930396161316464326665
35386438393636653131356164663466383637656564356561653939303038336334613130336235
31346230646536373133666665616231653939303361323365363436353461326233663061396639
61653661383863306566363833663864666438663436613162363731323932646639346338393438
62396232346135623938646237396439363336306530613737643438336439366461666435643337
30626461663337343164663865346536313936333430366335376466336530616332343664346637
35626434623532633631363935666565613164383535383638363333613035643038333633336433
32343438633161663535613831343265383039303132623962613565653337386165303233613563
38303035383764366166366232656665356433373138326237653063653363313965663561333630
61393233616430396531323134366532633537376263396335653364333434363436326564363838
61326339366130366235336530666238636439303134633934393730336631343830653031303038
35393734626134636463613834646139353963396235383564393366663136333462306263636235
38393663353564343638653035346535653836323866306230306461616634363839333132666634
32653462396332653863306539396239646636346533303239343531336334373739346666396136
63386233376638613334383364316432373066643631656332353439343138323463666632356530
37663332353538643438306639326434373136313366306231366264363162633633646366623430
32336139663930623033616263393761666630393234336134646130623462313737633233663134
61623835313836353661623364343137633739656264653431333930333033393435306563646161
32386161356339396666336132386265383230613232623261303131303465343231356166396561
33393335353564653935376332636266303331653931366335376330396262623835373538346133
38666632303630626331626364393231613765303761623939343164656437363665323233326264
62303638626338613463376634636363646132306432343933316439653265666266663938386332
38646664636439363364353061663065323338343165363666363031366432653739363435376564
64623338613762356436383262396461623062636464306362643964346239646330636166626562
33356232373039666636653564373063313130306336303938326534303336613237623262613138
37366263363432663931313232316531633166656139656463653262316238313562656564336437
34323438383466643666306539653362656438333034353332636534313630313365633939386136
34663830616266373661333431636338653663346162376133623136633636643530303663666434
37366665626230333039363833613064303039393034306635313531343036393738383536366263
64333638343663643634323032366562333833373734653430613633333938363138363930386164
65363331336532376535353631363630613037346237383237656138393161663536366130303333
35633231373830636364373731653933643334353932316232376530376432656565663837356133
61653834623031356135313664663662336438633439353432633234613063633830663230346439
36333335373636623437366434643432313463626438326135343637363135613935316361626332
30653131653731353438633234363636383933323931376362376164353932393939333232366462
38393362356564646361323734356137616636353737623936366232343962326261303064653236
39633236633365303063626366646233333933663763633763313235373463346630356438333537
65303061663332356432623464653832383263386335333466356238396237306130323265326238
65666465356530643264653265306365623836343531616434653964396465333663326139663630
62653337393265373238313463336138626232663165316433383163343965626538306564656634
34353938393238343231626136623332343232616639326461366230393030326239386530636438
38303065373362353439356535333833366230623234633064616433333431383433393435643639
62616535316464343666393737333364663934636537666661356334366330623131363765656434
32613962626233343166346236343934343262333934396138336336303430316361326166306531
35386139643833376366613038373939333238356665663637616230353830623238646263396666
38373664373061313266653431623364613663373561376431663035353166343738623932363363
63323164303664643766323162666365326638633066626566653432373463636638623137643031
31636466663433643834616433303136643135646135613631626537303064373635343930393637
65323035623433663136356666376538626131346665323239333333316234353533653864336131
36366230333939376336383466386465393562363937633161313636326432333334326464613335
31323464353238303837353264386438343437366537323038323765623430383538356165636163
62616632326563616437636139316265343431356132626566623237343738306533343339303131
30623636383431346331396438623330353935316538666264323864386261393339383939316139
30616232383430626561633164383037303830363936303064363331333062613263383163326534
65363662633165663337363739363065333330343237663236336337663934393963393662613438
30393239653230653732353964323064393137653135313537626435356465336563343235306165
35326333383236373466396335396533376535343637353863643564336334353339643564653732
35343037613334626364666464396365333434306663323162633836343931363366633235643938
64663134313530396461303637326563393432343037323931383637666663653631306431343162
65313334333231623464306538313434313837376366393731316537323039636633303164323965
63323030306237653761383062376531326265653965393139396538343438666430393139373034
64616434623138633836353139393965306166353535386431623833303033373762663336653837
32313934343564393937616666363263333164373362393231376536376130633630376265333331
30353637396166653531663639336266346639383964623036336561316639363634323661663662
33366332653432616539353366363861636637383461653031363131303164346134656539633065
37343332313633343230356531666633393965373762303061633132343638396361306662646530
63653366376162343836356436613265613431303736646331623330343932356236366564646666
37336233393535643965356665313962313564663830643337343132656461656361393038393633
64396334646538663965633937633833356663666162333930363034353561356134366630383639
62306264326138326438623866303932666236303666303763396538306435653232636639316565
31353937326462393562323761356238303533633033643262643161646137366164373163616564
33363835663862383837366535616433323566366237316132386662346263343036643431636233
36393538323532653164333634346264386539343236353539303339336435303833306539613762
39356532313036636635653431323065323665363961623063323631353439373134363934323737
36613334393663333663396635646363656234623837653831373538333532633232623837613939
63656435643833613934633437363764356466613830373234383130306435306263326230356663
36316436343264616464363634663630636135636433366362613337356562653564356465626234
37643265626332393462633137633364633738363037343136633164383439326631383563663631
32313366623233393239353962363936326432313830393934383963633038366633356431633536
36343337386361353637613161323730623061336131393738313965333461393966363232643365
32393661336362326432316431613865316639666334373132356533376261643132343931386531
34396238396535363232633433323530383536363030663166613163366437366434613432616365
63616531643736636530363430376634663132633064373663643635313938663532386538353234
64353564396630383430323561336662616363626365656666333631653330633335646262363734
31663033613864336631316330323838326536626132326437643731383037353332633633396639
33656338666132336339316562353034633939363165333062653238383931386334633863636639
66636535633433646432366465636132386332343334343138616261353034613031303236363831
33636531356136626261623735633833633834366664373839666533363937323665363333383536
64316235353130306564613536636633353163346635393634653134643631383161666133333932
66306432393530393030343136343966313736323338363465363633613939643633663537633535
65333930663033383636303161626336383239363730646362303765376432393163323563653661
64383636396261633038383232383464393461623134393433666638623934376262323038633538
63633532653934343735636334336663656266366437303861306334376265313631653765343237
32383964633263643936386233386465316362303263386438373538393339346131373535363565
61333762623934616532653561366564663166613634666138613464393734396631626139636133
38636262383133376264383662336363666534383036616366666363346533616365336339323262
35336363316130643134353730343032663431386433353433646337653665353534393237353664
34613433376565666337373536393865316261346337346337323064643932613661313239336262
62656364373466373833313365343532613165356665373561623933323637386334303332346664
62633266346334313433623464386163613338396539363766623933613665646435306361323233
37323034336438306434386139303935326261363362656361373335306336313136393562376134
38396638663064393837376263323637353233333661323538386363396232326663383333393530
32643163663539353931356630396539353032356466666336386161323864306362363438386631
64396666633836326230626465636436663466633934373064326235306630626462626330623064
64313237623062656434626233376437626439363133636534373065323632323039633734383462
30393536376131333235393265636363643763316635623232636463656633323036326232326634
64383561623531613338363863373739343931333830626561636633333435303230633463393030
62373736346462623733626138353531333862643634316434383161373732643631623963333138
61373663663330306131336133373936393031613663306161336365343534623162333138303239
36363633396365616639326138383965343166633130613361366531373231343938306637633630
39636263373931653631356232373936316337356536313336323463326165356433613733306339
65613836663637663063346538326432363161613332653766363834396330313361616439343432
36643065323364313339383930383232393333613530663162633236313936393734626131373866
36613931326431353166636331633935656633646266333461353730396635303631643634636534
30663931336133363236643466633631353935386532343765316563333635633334346663353865
39636636333634633336316162666430316139316233313137306331306265643931313630316531
33613835343838376332323035646234353135656163303533376535663665636364303937326463
37373734633634626566356639646237643339383436303336666261653732313433656234313365
39626234316536653164353237353964616162343365303866356539393336353536393038623639
35316439343932626330666339356264623339353634656361313234333161363466356335353036
32646233626335663230333434316163316566336665613663386339343863653834653966663539
63656665326333636335663262636365323831356535313434633265343330656364616435323033
37663866633366396238616336643231303763613863343639313739323137306231656165383861
35323634393539303863636530366637656162366535366633323661646263653934333263636662
63373131323033386335646138323730663962646564633161386364396530623232386330333165
63323131373430323033393732666136636532353565626264313133333230343235373035633336
66396438333163313134323963333065333865383564343962373338383464363261653735383064
31383332626437346561343464393637373232636161343032343633353862393761353666656238
36376263656639396564626639323432326339393261643638613630656264313162336662646265
66663163323566323931366232613436653134656361306163343230353364653765616564323061
63346130316236636539623862366537383934363762326662623132353565383536613832383135
65323436323766306233666564656633383931306262373332633461363838346331356664653832
30623663356139303931633033303934663362666664626435333030373332646334666663353537
36353235333034323539646532383664663164333232653230333462323437373363636531393634
33646634376530363638623161666137613231393933363263633132626434366437613831663165
33373631653364653865333039326264623061353364386663343935366435323534383639633462
35633534303730333430386432376265323731396233333338626338316230363865316364623363
63663162316234383230663233383332393566343663333164653532383535336439303439633261
61336130363161643466363162336436353261626664613435323464626639636462646630396633
66323534623062656539646230616233616266306465393835656339343263353661656336653266
31333264613563343735653163326562366533386139386430323761626566393433346562343235
66353037343334346539663361353364626464306539353830636132393434313531613166653136
34323937646131353830373931333632363866396535303738373565313664646535636464646437
34613738653937373664356431303635353839656561366463643438303662616236396631326562
62643839373534303330323265386638373934363731333339373533333836383539323961346232
66343834643961373963303932333861653362646265303537656164343333626562376438363030
64333034343233386531326139363666653233313631383961383666376466333731653066386437
36373139376637643064626239653363663835656439643937643635346264623864353263393564
65326633363734396266396333383665613938346434633163386335376166353866306363623037
37306366633636313139393061623538336362613837376630356365393037616564393963646262
62633165616336316138316238643233313132346534643032613764393064323836623938383237
32303235623766653235663838373261363433323761643066373765616266363063373462306163
36306163316563393862353532353339373331323538356434653261623432326239636364376139
33636265383739353337666164656132373137376531383736633337303164396334353235316538
35306134333830343332326632343330323265393936396434616538396637363266346435613832
37393065313730363431363066363064316233343136346338656364386565316630346132363534
35623534633632633432643537323533663036363062323266323938643062333037653364346637
36306633653736663139366335616332373131646338303835323537303962316436333234336135
31643830376231343364366338613435663163653562333636643136356335656164653561303864
34366337636563653961653430343165323536383134383038303034633236386264633762643130
33306265643233626263316635373637316539363466623837373537653737306634663431653333
32336135356463376130623139343631346138363266363330313133373739346635393562633132
61336461333532333861666137383034656435323066626230303962376530646162353364643937
33353934356335663132633063323634303561346634366265623762323464616430303435346538
33646335613365393939376432353362636564623034373732373961663237613130666563396539
31306435653361623263363434656361613765613830326432393835656135633635383136386537
34623138376631313334393330323965643838383739386531366366373131613863393364356562
63663932616134386461306162643137303761646237326136363537326332636465306535633962
36396262346137333066353162373335393139353066346264616233393863386635653163316331
39326664346239346439356235333665396533636365653533363662366466303136303966343730
64386230623165336366646264663233356438373363303932303066656439626362363865366563
31636130653536653632363636306539653938636361306631323030333235653135363631326337
35386132663430623539636131393234323031366566653336663662623739306261653162626438
62653165376637343163356362343238393138646663343161333437626665323533313739303134
64336264366561323262306339326264383334613833366233633734303864626230626565323333
66636136646564363433393730313638363561666232663433326366656361363539343866346461
31336538386565626337356232383466653765626539613539363031336161313038653832363963
31613632616664386537613862306630393233613034643438393338656562623338366161356232
63333938663164633331373331386334363430383738353762363465616664353063653632373264
62346564383262353866623930636338333133333037666439363534393635396630643161613432
65636539616239386561376663316131366236643838386130653936373433313836666665616330
34656535613061346463336530343737323238643262623331653539323137636561306461316233
30363338613436356636303865386332396232616632353539363036313034643039373936656231
35303262313665633531643265376435303563633137393064383039663732666465633963633333
31303830393266353134616638623838656136313066646463653832316639343830326236346235
32333262623435306439316464383866653033393730663037326133636666663339343435316262
35643731356437303838343735653361393065663664396631303337383965646631643437643433
38656664653633313238373833346230303031353837663638336634623162633937386336336435
66316439366535663939353733613765393066666230333265323663323233353532623235373036
33393230656635613161306662613836363837393735326235633434623662616130353036363834
32663534653834656339613939633830653630336437373632656466333534333730373130633637
66363661383732346562373166366664356232613632663464313537373439323262373132333461
64666138653231656138383031366231663964316635313164323139393665623331343039303539
33376232303162646563653733663465393561353966663866633934616462353435646565373366
32343964356661373165356665636632346566363536303037333636313939633431376434363363
30633533633936663034646134333634636239393234316530613639656335623865333263326664
32323938643836633137353330613138303638386234366239646431343966316462643338346533
62343065343464323735656335313334613339323931623731346334613934303539666338346262
30393137633230383962366662663937366661303739356239653433386534313138643161343564
36656534666365643966356330613135656230626462346439323037656238613335323261313139
38626163303133376665333762316234306430353335633630303632666539646664653037623436
38653765643936316132383533376139383062383631373662343734616431643538633632353933
62656337326665656337383732626632363036326164346464393162373366363035336132383337
33333438633365633561303761343163613335336331663463336234376131386335393764343562
38613438343939393362656535653464306639383132636534326364366632393734663261656365
38333230663336353666663132633932616463323932613233376239396430366632633133373937
63373065336362333666623466356231653832353663303230666163373965643637376633363863
61336633356231353732303334383432383834393665663933363837353838633734333632393731
63643634336335633062636536663966343732353133303733396436336639616239623061366335
37353531346138616166336433313632376562363363306136643230383135643732623864616639
38633164643930613635323533613761656632366631343134393637616131636164323861663537
34633564623064363862323365666330396364316537646262323034383237323436353731316637
64383734636430643336313666373936326635333938653132336430616539393331363337366338
62636136356165383630373231333933656537656530656361326363346139346362336133306232
61333430393730623130663930636561343630313437666466353238306630326638313762383263
62316666393564653366633138346630333238353936616531353836666138616634343832316431
36623038653963633564316630626330356330376535356138616530383963356335666534356434
39653538623062613164376664346330336438616130316639653433396565356639343062396165
38356664313265656264343636323632643932636437656233623235336362373461343532363666
65303031666433393465363566386462336136646134353337313066386337363037336133633132
38643966383734633630343235366331323635396132663834656663303261323638663962666265
66383639303061326364633466373533356230653631366661666635396539653832616438303864
66623064393064393538303332313562393431653631343138396132626264396534303638343236
65323964363136353532613630316135613735303633623633633365626334306462383135616434
31393735353531633265646333636164383765356464643139343663623732336362366230326662
66653938643537396136386261623030366438353465626364373461643637346263643462313864
31616532633730663562396134653735646361356661326164663661373661306461666338623962
63663539366464343731373639373936326134316330343433643966656239316662313164323839
36646237613533666534333062343064643438353032633938373234313362386365363835383163
38626334363830623238303730623438313930346562383332626136373936356430363735366135
33343535306437396336353338343066343465333566646133363336633537373361653463333631
65353939633065656131333834323633373338376434656435376234613932306536353231313437
38383639326361656634666366353332616661303634323834653763626331343833376632333634
30353330616139363663376332666566613837333433616137633137376461616536353933336438
62336436306662653162386461383633393532623832366236656430393363306136346538306161
32363564313661323434393232363832373037363033633561643064366638393761366334366464
63353734393334323734633363613734323163663164326661653630336236303837643734636366
38653063373666663139383165343966616634616465306335666631383836656436623636343337
64303165356433356662623732616631613362373761393862346335366331396536363638316233
33326233616132653362653830613932383564316234376266623762336365626231366430383338
31313763643433633561373965306437316634303161373232396139313465323338303761366462
64363961396165333139643433333065636435373364376161356566356165313333633739653561
63303730616439383937326338656631643962343133373565616432386635623462326165313465
30613030613463326263393666356131303866636636303332663263356139623062303766636535
64626662363964313133633734616166333439363836626238343361633438366134613138663939
64643966363238333631393266313832333632613865303633643761636235623330313634663561
31376434636130623133323866643966353462376362636235343637366532373562306661373638
33336662313538366561346433646166373763376361653565383730353664303930353965646130
36636466646432613931623836636461323363396163633034306437366438373562333861626235
63643539373033636539623365356234643765663730326364373430613962626435643232613961
30343766353434323032626333393266383732656532646233363762323034353832633763383764
30323666373239396261396630353366373764636164343834356235336362636632326536396164
32666131386661653530366434653963303630316631316362376432353137316665333265336433
30303432643935303038366161633366363832643034343038623334353838366335373731666161
65623733303462663365396463643665333932326433653666316636353366616332666361616334
35653135353231363238633533656537343264626235623137336338646434633037363236343036
35633032396431633835353734626164633061643735373033616437336630303732666564373233
31343536393064326438623833363464656530643136383630343537636635616266383961653231
61313262613038306361303230383865343833646337313332633831656238656361373734353432
65656534356237616135323134343334666435356638636539326337356161336165323566343961
36313561323263633331353132356439313438653738393638356135663364366139666665626131
37393634633464366364333935303633333137346137323036383730633365343438303331356637
39373539613766623065306333646438356233333563376262633530333138353632313261616633
63303161616562343637623536326632393639316336386437393831343366313137663365613333
62363338353939383265393434336562393532376337323966636432343366336361343335313864
34623735383964316561376536383833306231656665636365306564303236646337303862333366
34313261636634306139653435326664356136323562626638343232353837396237373635353261
66633330336262333263383135633063633239363438376436363932373539383164613837316232
64383531653230613139303937663261646630353462663262306532656531363132373234643865
38393233643331333336313538653933626332383731656436623565633132613034373932386662
35353230323336326535663739333766396264343765343166323664313135353134373935656337
30643562363162643639333662393538316133643136333634663031393761313530386563643938
65346635643064626332626463633861356238313730366166663066613662303138613834396332
35326238383461343938363638353238383062333132636166636331383734666165626464633564
65633164303261636432653963326361343234343861376436386630633835326235633461623338
39316564366436346632333239333330303966666431383765303138346233366332363139353439
63303234396337663466363338303532656234336662356365306565333838623332333337653061
33333963303163316666616536613961653733666135343832386164353865303663316134313032
32323533373730616163353633336266623365326332323563353335376235656135653061656563
38353330613734363263353139323461363465663638626235313666306330356537323762366332
62373438343038333438646539303861383037663231313831616566646636626238313065653633
65306662626539613464383534653131653635623063643236313531663130353531383531663763
39353536366536346533343932623432663431316233316636633266393866346436636262643335
66616236303936323337366138616534636133633332323861656261383631336561663035326163
38376265633964633161303235633961343034373536626135623065363031646661376330633961
30666137613538383935323463643566333462626362306332356532316436333937663532346339
62646334623938396635643233333961373531313662366131346161643832363835393139303463
62643333373531653435343361346266316334323039633830326639396333323661393839656134
35636436396535336263613963366133343033323262356336636462613131313632336462653163
65393239643464666431316138373431663136323531336438663537346564653634623931646164
31353230636565656461396333313838643539613834376536373631386362356638336632633032
30353637663534393566363632633538666665393837363064646461323632353736343666353339
66323331663836336161353663393438643762383434373162656161316362353864646562633033
38356662396530336362333864376466653934316133626136376139623661663062616633393135
37386330663561333837323239353736333532393437636438346531333266393733623833373933
62363136643764303362386539613338616133613565636333373531623765383337333831393865
34363765376638396263333865323862353664633661643032323063376466333466653063356138
62663830663638666566613932306138373965346339653832333739633932353963396532373239
30303466313436316165386533356130623264316434306435363636336339386630666463386538
34633432636635313230353639333366306338333163396333643339383132633336646431316438
34663838323564646539636530623961323538386439343966326633646331303266643166623631
66376162663362303161643264306264363436353032303336316339313736613365343232613065
343765363034646433363237303035613632
