$ANSIBLE_VAULT;1.1;AES256
31333165326236323336316437643334663831663432623832313931623931343834383130383037
3536633932363937333733653034663161393237613331320a636533393532343132653839323135
36656437346237383837396538373835393664643034363737393235393638393533336232323138
6335333035333135610a343535653637353932626265633066353830383134353639366335373363
64646436313036653038613036656336663234303133303137336161666232393264313261323534
62656139643932353866623637333666643037313961623133313734346135656332656332383163
38653761636134666131633039366136306466636233663031636234363964396366356131386163
32343636393063373765313064656637393666653032626132653662383362616336343534656538
37656137383561336437336363663961333362633536366330636161303739326564646264356165
36396666373631336230643930316361393062333363323134623937373363636165663931346434
32383833353737396139663865393636343034646266663933383862323766356362333465663264
66373338623863633665
