$ANSIBLE_VAULT;1.1;AES256
34383035363433326562303737333531353064303761623230306334376636396234636664623934
3735643963336165383631353262656430336665356163360a643363343931356166316535613666
63386432333138656233353936393932396361666262633064653936323866386434346239396239
6636633038323732350a396563656661313963663164343133376236343334346236633530356430
63376264663431346136663935396133336364383836336230613161666261643939346232666563
35313836666266306334356562303130366237303635386563393639316463396462303563356465
63653935636661306336656633626535363438393362333466393534303530376631303061326431
61313730623732626539626639376534313463343963646365306238663830316362333564396262
30343232353534663562313339363932306133313231383536613038323939363664633930393337
31303736353732653466353339366365623961313930653863623331636530633932623465383533
36633536613334633037623463363135653765373161636337373561396137363430626265393265
34646662316231613265663961343632336537636263303938643635356138653339303533633536
66373534626535303664363865366330636538353934656263386634383233633163616531306435
3630663864313736393665653530663963623335383130643566
