$ANSIBLE_VAULT;1.1;AES256
37303131613438313731323432303935366365613332396163313235643536613433333935653364
3438633135343638613037333761343333383039326664620a313730313831636565633035643638
64663664346362636634613731356261623135616638653937643732373937623632643964613836
3837633365303739330a663664376566343330623330653362306661363562656331383936623631
62383861356338366232343339316234646539323036643636353965326162396662656630666132
34646638386166353164353664393337633535623061646231386432633931393135383666666365
32363531616661636334643761653461616438323535643933633362366237643131623862353564
39633164376338366630343032396561623465306661363133373036656534633466306132643335
66346139363335343461623831353363346635323835343335643163376638316238373363313431
38663661326163373833383234353264323434613538373263366565316137323338623237343964
66373762616163383037353934636632363862313361633038383531323838313431353861356135
65343137623966663266396538663430343530623936383338353565373630373234383934326163
63613934373835356566656637323734336132616531323731656531373537383862373561343261
39663266633139623733663561613031363536363836353737373364613163396265663033633839
36363032343362333130613066383034326364343535646633323636376433383861373933336531
31666237333361616232376162623765636565643534636538366632363235373538343930666462
38356135376237316434333866323365363136313163363132646232613064626362623038656537
30633530613032663965353936336634616537623362633933306664336261643963343530303438
31353631393761376433653933393039323164383630336532626538643731623839333765666238
64346361366430303234636535653834383238336330643861313863616638373662373836613339
39303035623465316565313739363263393331663738373163383566343564656466666465386135
66373561366238663332323230633036626135623061313531313939663633626133386462353766
31636361323539346331666162396630356663313033393134333030353164636337326531326632
32363832376566353136
