$ANSIBLE_VAULT;1.1;AES256
39323665363934643832336461663163363331626131353366306363396333633334343565636534
6239363339376564373135383438633263663731353337640a376366376535306230346363393733
63663065343566623564323734653936343334323231306338323366383263306365633331386265
3463323461393131350a373762376663336632353538623534643933656561356635303031646636
35386530366331353831626538326536653836316136663532656539383733613834386566656664
32663264336135656435666339333130323630613165633732393732363532386364643234386666
33376638313532306264613730636633623537353365303631613937656165613461353466613465
36303530623362653535323037343863393264626534376262343863313862386338343263616235
32393234343364616564306661386536633136333234323231353932333830663039346333363365
63613464336636653636616561633061396432306135663863636331376461396237373662366536
34623361636439383530316233313934666639393166323963303636323131623463306263313930
39316631663638343963303164643338656638346133393435663035653638373436633635336333
37383533346362333733613730663137633564386435303138633635373436373963383434366462
64343235323063653662323165363731373338636164393631303239313739373430323861313664
31623635613232383033396261353564326537616635646637373636656563376435333337653736
36616266633462383038633630663732663736383538643537383736646435633063376633313230
62393936373062623633386331353836613761376238353333303761643064333839
