$ANSIBLE_VAULT;1.1;AES256
63376132393363313435363438376361633733383465323834316136613539666239323034306137
3362653366626231643165363539343438376365393932340a303432313433633362393034343532
36363337663864646433316534313238336438616330626232633863616436636337396634316537
3636643164386465630a633965393330663635646239656631333464366561353035643266396538
36393433333634643031633730663436393834636437326132383330376361663664666365323263
64626236613563653631373062636333383266336264656163306234623565663365363338313966
65343432626136333233313231353461656135346364316431343532306565303032316462333935
61326163663535616639323266356266313433303866656139663662316662383031616234326566
32646263393937306363373366393439353265336163333163326439323163383533326461663637
35366666613863306166333735373635366563633039653239646334616461633339383665313539
303430386637633937386634346265656333
